id,Zona_Pais,Año2017,Año2018,Año2019,Año2020,Año2021,Año2022,Año2023,Año2024,Año2025
1,Total,2959869.0,3016667.0,3139008.0,1011912.0,1347055.0,2349537.0,2751134.0,2919483,2943991.0
2,América del Norte,1507945.0,1580991.0,1666571.0,571010.0,958792.0,1533502.0,1820038.0,1989725,1999600.0
3,Canadá,201921.0,217006.0,234621.0,115632.0,53185.0,183678.0,260744.0,272256,274081.0
4,Estados Unidos,1199241.0,1265067.0,1334777.0,434775.0,868986.0,1290038.0,1473620.0,1621340,1627807.0
5,México,106783.0,98918.0,97173.0,20603.0,36621.0,59786.0,85674.0,96129,97712.0
6,América Central,735178.0,691386.0,698601.0,202374.0,78425.0,194242.0,235712.0,235860,247850.0
7,Belice,970.0,964.0,1103.0,203.0,274.0,517.0,782.0,720,821.0
8,ElSalvador,81091.0,76937.0,78948.0,20898.0,12300.0,28173.0,31849.0,28258,30776.0
9,Guatemala,78032.0,65633.0,69471.0,18549.0,15638.0,30991.0,43075.0,45576,46232.0
10,Honduras,40300.0,38135.0,42024.0,10171.0,7436.0,18733.0,20505.0,18710,24439.0
11,Nicaragua,429990.0,416915.0,414983.0,123956.0,27634.0,78473.0,94083.0,95799,97554.0
12,Panamá,104795.0,92802.0,92072.0,28597.0,15143.0,37355.0,45418.0,46797,48028.0
13,América del Sur,181399.0,190413.0,195581.0,50237.0,60221.0,110852.0,134399.0,136466,155589.0
14,Argentina,30992.0,40832.0,37948.0,10571.0,8868.0,20746.0,28564.0,28736,36992.0
15,Bolivia,2115.0,2181.0,2638.0,584.0,797.0,1280.0,1859.0,1792,1614.0
16,Brasil,21485.0,22329.0,26815.0,6466.0,11864.0,15878.0,21249.0,21484,25995.0
17,Chile,13555.0,18297.0,21235.0,6487.0,5200.0,15317.0,20164.0,19340,19339.0
18,Colombia,47953.0,46723.0,44557.0,11254.0,14919.0,25547.0,29267.0,31361,34980.0
19,Ecuador,6306.0,6280.0,6434.0,1446.0,1798.0,4151.0,5698.0,6716,7735.0
20,Guyana,248.0,214.0,290.0,45.0,100.0,204.0,287.0,322,371.0
21,Guyana Francesa,,,,,1.0,,,1,
22,Paraguay,1017.0,1005.0,1603.0,234.0,310.0,798.0,936.0,982,1119.0
23,Perú,13261.0,14865.0,17007.0,4029.0,5996.0,17163.0,17179.0,15852,17253.0
24,Surinam,91.0,98.0,89.0,14.0,11.0,50.0,127.0,107,119.0
25,Uruguay,4099.0,4392.0,5041.0,1436.0,1883.0,3661.0,4153.0,4465,5089.0
26,Venezuela,40277.0,33197.0,31924.0,7671.0,8474.0,6057.0,4916.0,5308,4983.0
27,Caribe,13381.0,12997.0,13510.0,3247.0,4452.0,7457.0,10062.0,10628,11309.0
28,Bahamas,423.0,355.0,367.0,79.0,252.0,319.0,522.0,506,735.0
29,Bermuda,364.0,344.0,339.0,47.0,61.0,99.0,121.0,64,73.0
30,Cuba,3167.0,3149.0,3042.0,1126.0,739.0,697.0,1033.0,1196,1666.0
31,Haití,399.0,409.0,502.0,121.0,341.0,409.0,378.0,446,317.0
32,Jamaica,982.0,997.0,1180.0,223.0,622.0,874.0,993.0,1057,893.0
33,Puerto Rico,13.0,7.0,5.0,,,1.0,1.0,3,156.0
34,República Dominicana,5956.0,5897.0,6071.0,1313.0,1798.0,3839.0,5156.0,5496,5646.0
35,Trinidad y Tobago,1356.0,1212.0,1371.0,217.0,354.0,696.0,1085.0,1065,973.0
36,Otros Caribe,721.0,627.0,633.0,121.0,285.0,523.0,773.0,795,850.0
37,Europa,462295.0,480102.0,500602.0,169949.0,229813.0,469643.0,499519.0,485725,471642.0
38,Alemania,70960.0,74574.0,80580.0,28821.0,34700.0,79701.0,91511.0,86571,83500.0
39,Austria,7688.0,8089.0,8322.0,3146.0,3827.0,8402.0,9327.0,9148,8728.0
40,Bélgica,12275.0,12381.0,12256.0,3777.0,5460.0,11861.0,12814.0,13606,13143.0
41,Dinamarca,6123.0,6574.0,7191.0,3255.0,3045.0,8641.0,7968.0,8155,7353.0
42,Eslovaquia,1236.0,1323.0,1296.0,556.0,1122.0,1767.0,1783.0,1746,1787.0
43,España,69782.0,68634.0,69745.0,14801.0,41857.0,58367.0,59242.0,59201,57869.0
44,Finlandia,1894.0,1824.0,1832.0,728.0,569.0,1513.0,1993.0,1893,1846.0
45,Francia,69803.0,74032.0,77013.0,35267.0,32199.0,65411.0,74484.0,76685,71323.0
46,Hungría,1357.0,1636.0,1966.0,880.0,1391.0,2252.0,2374.0,2692,2608.0
47,Irlanda,4321.0,4578.0,4411.0,1212.0,1430.0,4969.0,5495.0,5633,5256.0
48,Israel,14563.0,14359.0,14869.0,4351.0,13148.0,18770.0,15172.0,10041,13317.0
49,Italia,29047.0,29171.0,30196.0,8936.0,9061.0,18089.0,21391.0,21832,22710.0
50,Noruega,3485.0,3784.0,4007.0,1172.0,1021.0,3848.0,3998.0,3780,3885.0
51,Países Bajos,30316.0,32561.0,34712.0,10421.0,10784.0,34518.0,37464.0,36638,36125.0
52,Polonia,4186.0,5056.0,6212.0,2340.0,5533.0,7116.0,7496.0,7708,8837.0
53,Portugal,4268.0,5808.0,5953.0,1459.0,3173.0,5169.0,5526.0,5530,5422.0
54,Reino Unido,76173.0,74338.0,78562.0,24623.0,18048.0,77810.0,77376.0,74674,70354.0
55,Republica Checa,3028.0,3909.0,3723.0,1966.0,5571.0,5762.0,6524.0,6667,6815.0
56,Rumanía,1695.0,2032.0,2091.0,855.0,1426.0,1974.0,2290.0,2352,2318.0
57,Rusia,4657.0,4765.0,5562.0,2049.0,3506.0,4342.0,4861.0,4177,3858.0
58,Suecia,9985.0,11117.0,10979.0,4283.0,3690.0,7727.0,7207.0,7309,7235.0
59,Suiza,25395.0,28884.0,27841.0,10487.0,21643.0,29766.0,29429.0,26541,23709.0
60,Otros Europa,10058.0,10673.0,11283.0,4564.0,7609.0,11868.0,13794.0,13146,13644.0
61,Otras Zonas,59671.0,60778.0,64143.0,15095.0,15352.0,33841.0,51404.0,61079,58001.0
62,Total Vía Aérea,2189234.0,2314888.0,2418300.0,789833.0,1270483.0,2117960.0,2471150.0,2661488,2689278.0
63,América del Norte Vía Aérea,1420770.0,1512455.0,1592888.0,547466.0,937802.0,1480603.0,1756578.0,1936937,1949344.0
64,Canadá Vía Aérea,182662.0,200320.0,218982.0,107964.0,49917.0,171033.0,242970.0,257395,260347.0
65,Estados Unidos Vía Aérea,1137006.0,1217511.0,1283112.0,419978.0,852182.0,1252469.0,1431644.0,1587138,1594882.0
66,México Vía Aérea,101102.0,94624.0,90794.0,19524.0,35703.0,57101.0,81964.0,92404,94115.0
67,América Central Vía Aérea,165021.0,149450.0,144330.0,32746.0,43974.0,86924.0,105030.0,103945,112032.0
68,Belice Vía Aérea,839.0,865.0,965.0,176.0,267.0,455.0,647.0,614,726.0
69,El Salvador Vía Aérea,37538.0,36491.0,35949.0,7868.0,11257.0,23572.0,26247.0,22826,24846.0
70,Guatemala Vía Aérea,52207.0,40490.0,43084.0,9151.0,14998.0,29015.0,40470.0,42485,42861.0
71,Honduras Vía Aérea,15668.0,17842.0,17619.0,3904.0,5374.0,11148.0,12248.0,11969,15240.0
72,Nicaragua Vía Aérea,21246.0,23594.0,18299.0,5015.0,5106.0,9156.0,8245.0,8373,8530.0
73,Panamá Vía Aérea,37523.0,30168.0,28414.0,6632.0,6972.0,13578.0,17173.0,17678,19829.0
74,América del Sur Vía Aérea,157634.0,172719.0,173635.0,44791.0,57663.0,102484.0,122726.0,126770,145148.0
75,Argentina Vía Aérea,24474.0,33341.0,30615.0,8513.0,8058.0,17731.0,23718.0,25009,32443.0
76,Bolivia Vía Aérea,1936.0,2026.0,2301.0,528.0,773.0,1174.0,1711.0,1680,1455.0
77,Brasil Vía Aérea,19766.0,20659.0,23769.0,5991.0,11503.0,14830.0,19788.0,20102,24589.0
78,Chile Vía Aérea,11636.0,16114.0,18357.0,5609.0,4898.0,13634.0,17776.0,17377,17541.0
79,Colombia Vía Aérea,45218.0,44180.0,41988.0,10559.0,14610.0,24816.0,28463.0,30531,34141.0
80,Ecuador Vía Aérea,6008.0,6002.0,5917.0,1399.0,1762.0,4041.0,5554.0,6529,7535.0
81,Guyana Vía Aérea,208.0,201.0,235.0,41.0,92.0,182.0,264.0,294,343.0
82,Guyana Francesa Vía Aérea,,,,,1.0,,,1,
83,Paraguay Vía Aérea,938.0,926.0,1308.0,219.0,299.0,752.0,877.0,934,1059.0
84,Perú Vía Aérea,12114.0,13763.0,15615.0,3709.0,5786.0,16118.0,15984.0,14964,16370.0
85,Surinam Vía Aérea,88.0,98.0,89.0,14.0,8.0,46.0,122.0,107,117.0
86,Uruguay Vía Aérea,3585.0,3977.0,4475.0,1284.0,1764.0,3363.0,3747.0,4157,4806.0
87,Venezuela Vía Aérea,31663.0,31432.0,28966.0,6925.0,8109.0,5797.0,4722.0,5085,4749.0
88,Caribe Vía Aérea,12903.0,12561.0,12868.0,2810.0,4353.0,7214.0,9759.0,10303,10963.0
89,Bahamas Vía Aérea,414.0,341.0,351.0,72.0,244.0,312.0,505.0,490,706.0
90,Bermuda Vía Aérea,341.0,331.0,330.0,44.0,61.0,98.0,118.0,64,73.0
91,Cuba Vía Aérea,3085.0,3073.0,2809.0,769.0,729.0,655.0,998.0,1154,1595.0
92,Haití Vía Aérea,384.0,387.0,484.0,116.0,337.0,400.0,370.0,434,307.0
93,Jamaica Vía Aérea,932.0,966.0,1135.0,213.0,604.0,849.0,952.0,1018,858.0
94,Puerto Rico Vía Aérea,13.0,7.0,5.0,,,1.0,,3,155.0
95,República Dominicana Vía Aérea,5749.0,5702.0,5822.0,1276.0,1776.0,3741.0,5043.0,5360,5516.0
96,Trinidad y Tobago Vía Aérea,1300.0,1159.0,1326.0,207.0,345.0,668.0,1015.0,1020,941.0
97,Otros Caribe Vía Aérea,685.0,595.0,606.0,113.0,257.0,490.0,758.0,760,812.0
98,Europa Vía Aérea,383066.0,414722.0,438284.0,149023.0,212639.0,410832.0,431980.0,428637,419820.0
99,Alemania Vía Aérea,54424.0,61048.0,67357.0,23845.0,31739.0,66716.0,75461.0,73654,71805.0
100,Austria Vía Aérea,5996.0,6705.0,7020.0,2601.0,3531.0,7134.0,7785.0,7784,7508.0
